Input
464 925 375 275 827 703 78  855 420 896 
782 604 328 228 219 954 718 223 715 540 
530 468 813 534 377 180 833 61  558 19  
138 677 452 162 846 796 473 939 904 458 
469 111 858 10  393 547 292 321 916 447 
595 911 902 149 556 996 111 840 897 646 
869 17  297 401 757 105 151 166 382 422 
480 779 319 257 70  419 610 803 140 830 
887 511 144 110 423 227 774 303 605 850 
685 632 41  257 588 451 813 456 252 288 

NonDfsSolution
Cells Traversed = 8, Fall = 811
Cells = [4, 8]🡢[5, 8]🡢[5, 9]🡢[6, 9]🡢[6, 8]🡢[6, 7]🡢[6, 6]🡢[6, 5]
Heights = 916🡢897🡢646🡢422🡢382🡢166🡢151🡢105
DfsSolution
Cells Traversed = 8, Fall = 811
Cells = [4, 8]🡢[5, 8]🡢[5, 9]🡢[6, 9]🡢[6, 8]🡢[6, 7]🡢[6, 6]🡢[6, 5]
Heights = 916🡢897🡢646🡢422🡢382🡢166🡢151🡢105
